   7334     584    9261    6317    2771    5516    3946    7152    3978    6997 
     95    7614    1026    6246    9186    9899    9988    3237    6860    3271 
   5306    4572     681    3391    7730    9605    9610    1917    4457    6643 
   6967     551    4405    7409    3231    9613    6923    5898    3692    3713 
   6647    7254    8645    6113     711    3366     603    8961    7073    4514 
   3832    8751    4305     554    6406    5074    3907     941    3915    6014 
   5906     131    7017    5383    7316    3848    2063    5394     901    2094 
   5190    3370    8594    6808    5483    2565    9921    5624    2053    5329 
    822    8332    3246    1470    2380    9308    3544    5894    2134    7446 
   5214    7391    2888    4940    7261    4782    5240    7633    3813    7552 
    400    2593    7733    5543    9304    3081    2930    6355    2500    7143 
    625    9656    2853    3668     670    4792    9703    8964    8869    1787 
   8812    7650    5251    6122    7140    3966    6247    4520    5319    3488 
   5775    2369    3533     689    6430    3397    8449    4750    2145    8729 
   9827    4639    7963    5576    5477    4554     894    5435    2365    2563 
   8235    7928    9811    8477    6157    9168    7991    1858    1912    2901 
   1234    7387    7571    8575     964    2812    1858    2960    7585    4143 
   9347     969    4060    3874    3050    6938    6510     602    7274    9774 
   8758    2632    2486    4099    8417    3881    2916    4799    1871    7727 
    608    4253    4267    3328    6752    9891    8533    9358    2228    4731 
   4338    2128    4530    5062    3898    8609    7493    7543    6592      12 
   3578    2639    8451    8268    5863    2542    5770    5993    8340    9515 
   4308     352    8640    4910    6866    2598    6891      78    2384    8018 
   8038    7789    9095    5509    2692    6879    2825    2063    3305    3382 
   8995    5097    8333    8611    3569    4713    6910    8330    3801    8762 
    539    7473    4430    5881    6301    1702    8711    5539    8179     489 
   6588    9607    9232    6411    4192    6915    7547    1845    9864     867 
   3187    7369    1945     300    1668    5826    2664    5439    1886    2218 
    673    4097    2891    2412    1969    8037    4397    2939    5273    5820 
    521     116    3275    6398    4859    9176    5603    7195    7753    3115 
   2833    1516    3314    6582    3429    2705    4662    2268    7098    6726 
    670    6013    8719     511    6512    2073    6764     828    3291    1898 
   8887    7202    9131    8138    5259    2948    5232     581    7132     313 
   5628    2248    4089    9326    8617    1992    8516    5065    1190    4575 
   9918    4741    5172     431    4887    4263    5228    5123     759    3745 
   4428    2808    2307    2803    2630    8972    1163    9430    6585    5151 
   7101     733    8375    2379    8789    9892     564     710    9166    1309 
   2266    9329    7232    5120     239    5458    3670    2999    3045     584 
   2507    9472    4370    9339    4779    6871    3638    9818    3050    7463 
   8229    4050    7540    3319    1796    3893    5634    3039    7446     712 
   6550    4567    2892    6861    2087    5049    7065    3214    2555    1897 
   4122    9751    4174    4089    1333    5587     601    9047    1873     713 
   6544    8442    2216    4193    5874    5725    6520    2602     128    9278 
   7159    8083    5857    7686    1401    7551     846    7839    9096    3312 
   9955    2310    5236     618    1036    9778    4216    9559     187    1135 
   9746    7076    3466    4367    5492    9857    9115    3286    6719     416 
    324    8762    2489    6750    3618    6244    1303     620    2064      12 
    443     719    5653    2905     760    4802    3486      27    4135    9162 
   3632    6370     455    4759    6950    1177    4558    6790     552    6412 
   1332    8514    5079    2741    8893     722    7512    4071    5634    5435 
   7864     879    6786    6120    3741    3308     126    6969    1535    7336 
   8457     688    6779    1182    8581    7592    9079    4573    2626    8829 
   8939     483    7781    3027    4805    7517    4781    8818    8684    1268 
   3797    5307    7819    4617    8785    8779    8057     247    7804    6754 
   1810    3422    7334    9797    9781    9468    3188    7439    1007    8356 
   9279    7003     183    8235    8197    3201    4722     898    4303    1915 
   6561    4719     911    3785    5323    4854    7985    1895     126    6195 
   5766    3184    7060    1923    2735    5012    8165    9358    3411    6739 
   5589    5250    2629    1150    1538    4661    8138    2078     609    1154 
   2631    2674    6162    1115    9655    3462    6471    1746    5229     471 
   9600     509    8460    1609    8157    3607    9979    3695    6398    2481 
   6560    3560    2504     237    3975    4027    8289    4396    7808    9667 
   7056    8473    3739    7783    7917    2467    4616    7268    1435    1559 
   1561    1671    7198    3077     279    3117    8599    4069    1768     540 
   3951    5735    8708    9145    5886    6386    4959    7920    2945    1614 
   5783    8619    8218    8915     691    2689    9979    4125    9129    2272 
   8342    8746    1638    7682     141     458    5534    6464    1507    3946 
   4721    8559    3863    5552    7792    7963    4449    3181    7229    3755 
   6928    2420    5227    2401    1061     865    8421    8836    3041    5295 
   4632    5980    9648     530    9636    1073      97    4524     921    2495 
   9135    1614    8409    2564    3805    4667    9209     257    4114    7354 
   4593    2714    4763    9741    2611    5968    1123    3992    9016    3405 
   7644    2061    2503    5133    1022    3984    7661    2663    3620    3607 
    497    1069    4864    8397    6883    5159    9648    1388    3906    7092 
   3136    6212    7679     340     763     721    8943    8938     757     704 
   9504    1542    4000    2893    8409    7008    2713    5608    6653    1876 
   5084    6134    3144     483    7709    6273    2714    5221    1522    1358 
   8983    7904    9731    3472    1093    3153    8226    6611    3477    1266 
   9890      97    2128    1104    4301    6676    9154    3213    3435    3415 
   9797    9602    2128    6778    2548    9393    9320    8075    3519    8891 
   2383    1827     782     550    2204    7583    3076    7757    1118    5162 
   9942    1417    9269    4419    7140    9886    7535    3219    2021    5990 
   6740    1503    8430    3565    3593    5095    9661    1242    3482     200 
   1000    3057    9079    8420     488    3856    1574    2565    7665    2458 
   8264    5520    5260    7042    6219    8018    8076    5365    6799    6276 
   6619    7013    9896    7142     453    6178    9964    6666    7678    1182 
   8120    7812    2475    1342    5913    4401    2223    2667    6703    1334 
   9348    1366      41    5616     766    8150    2890    8799    9543    6932 
   9117    9063    9230    8682    5265     351    1232    4905    6305    6746 
   9505    5496    9799    2548    4911    2589     706    2442    3639    5393 
   1921    1531     224    1017    7562    2060    5928    2780    7010    2183 
   7500     629    7751    2276    9653    7931    4179    5979    7014    5127 
   7702    6398    7729    3525     724    2723    1457    1848    3364    8892 
   9018    4060    7154    3856    9661    9475    4370    2532    4572    5180 
   5141    7555    2046    6388    7017    4610     551    2516    3314    8285 
    827    5496    7201    1143    7092    2090    8248    6034     478    3865 
   6942     543    4866    6859     551    2897    6455    7949     626     678 
   3597    6475    8424    7224    2695    7762    9598    5771    9295    9825 
   3573    8015     897    5805    6248    2097    9458    2416    6867    4766 
   7088    9064    1207    3899    8006    3194    3612     458    3486    4901 
   9795    3496    4200    7846     837    7880    6168    4166    6361    2002 
   2311    8165    1459    1989    1550    7340    7630    9618    1286    9556 
   2726    3499    7182    2033    8703    6943    6178    1232    8812    1390 
   4877    2660    7842    1238    5596    6199    9944    4541    6670    5613 
   8670    4092    1927     573    2952    5173    6621    5750     909    9445 
   3600    4314     622    9307    3972    2517    3316    3404    1133    7949 
   9730    1922    5655    6533    4917    9793    1234    2344     147    7016 
   8676    9948    3198    7900    5715    1105    9887    5266    5366    6402 
    368    1344    4460    7672    3501    4471    7017    8896    1338    9523 
   4227    1682    3677     490    3904    6414    9544    5587    7527    1663 
   8439    8858    2214    2585    9248    7371    8340    3639    8831    9775 
    866    2244    5448     246    3931    7710    4466    1678    3758    4178 
   5033    3325    4520    7177    6820    1070    5429     896    5314    2970 
   5062    7290    2655    8815     646    8744    8560      50    5904    3176 
   2458    5599     935    4170    3685    9896    1556    9030    1273    1730 
   3552    4480    8699    6384    9368    3136    1811    9002     909    3887 
     70    4112    2331    5779    2227    4792     955    8188    7631    5105 
   2793    9633    3431    1105    1533    3876    6154    8988    6327    4685 
   3338    3745    4203      17    7233    8088    7522    2269    7914    9326 
   5558    3713    7600    1396    1942    5283    1429     300    6526    2457 
   2525    3840    1021    4147     773     712    2669    9223    5404    9814 
   9154     594    1236    7867     996    8591    7196    2413    4723    3839 
   3632    7610    1284    4737    1827    2308    9347    6223    5137    3415 
   2428    4608    6192    2715    2079    7872    8745    1970    6812    2103 
   5900    9403    7833    2474    8705     467    8230    1571     380    7184 
   1795    8715    1831    3280    1344    1465    3494    6831    4061    4466 
   7076    8229    3199    1446    8280    8864    1275    3278    8228    5137 
   9798    8791    6963    3165    4526    5261    7144    1850    3254    2385 
   9867    5847    5245    6917    7372    5447    7505    5161    9357    7337 
   3378    6997     572    8811    3129    8267    7447    8112    4585    7949 
    594    5263    4241    2815    8206    1034    5720    5032    2621    6459 
   2996    7503    8597    1734     353    7668    7235    1245    9702    2956 
   3874     981    8600      92    1807    5657    9044    6088    6181    5489 
   7997     881    4085    6768    5435     313    7479    6108    4706    3430 
   5369    5582    2998    9924     433    4831    6775    1939    3144    6652 
   8195    9460    3393    4592    3749    9992    5568    4646    5587    1387 
   8111    8256    9357    1286    2693     525    9768    7896    1303    5794 
   6547    4590    1793    2555    8951    5164    3723    1049    6632    7504 
   6699    9826    8226     875    2845    2066    6796    6080    3502    8497 
   3002    8338    7821    1413    2711    9883    7531    3435    5630    3007 
   7813    5450    5548    4558    8968     468     724    9740    7366    3984 
   5112    6481    6999    6934    7182    1603    4929    4258    3374    6551 
   4863     723    7419    3549    3165    5723    5157    2705     714     510 
   6818    6787    2194    4530    5228    3222    1643    2370    8902    2159 
   9377    9194    3557    5388     769     479    4248    3360    1802    1378 
   3004    6586    9770    2086    3635    3297      85    8227    6188    7390 
   1737    9454    8444    9429    4626    5219     790    8727    1742    3975 
   3815    6401    7949     959    5069    7687    4991     136    2568    6786 
   9273    7878    7815    9029    4954    9552     398    3261    9919    5263 
   9534    1986    6348    7743    5348    8047     717    3585    4093    4408 
    367    8864    7074    7908    5022    1553    2598    8834    2026    6074 
   3902    5556    3488    9849    3761    7558    2012    7745    8189     767 
   9221    7981    7515    6246    7928    2202    3001    7033    4448    3215 
   1118    8204    2299    6195    5604    2069    2341    3009    9540    3831 
   7242    4796    5785    2995     121    4910    4348    2359    8160    2905 
   9509    9516    2071     365    7879    5431    1366    1087     917     920 
   3608    1362    1947    4592    3001     903    8176    5207      26    1387 
   2835    7269    9145    7458    1186    1183    6061    4607    6846    8302 
   9484    9341    1658    6823    4893    9744    3154    6602    9438    8668 
   8558    9739    7736    7582    3225    9003    8119    6409    4439    8064 
   7635    3543    8560    5882    2000     709     664    2571    3608    9296 
   1021    5612    6689    8386    2020    3354    3770    9818    2491    7426 
   1683    2303    3744    6889    8562    4883    3137    4750    5484    9822 
   6458    1791    7726    6398      25    3593     963      16    7027    4093 
   7155    5544     344    3046    3358    9852    5846    5365    4254    6167 
   6007    7470    5779    2023    3562    9490    2941    3363    8876    2450 
   9613    9646    2741    6429    1924    8699    8369    9064    9704    5494 
   2491    3773    2380    6017    5721    3561    6696    5986    6537    9430 
   3683    4276    1638    2003    1422    2612    7772    1249    8299    6356 
   6612    1949    8716    5985    4779    1899    9486    5293    5656    5745 
    537     236    8339    9839    7939    1875    1708    2497     787    7926 
   8428    9689    5998      46    4477    8293    6699    8183    4716    7819 
    566    9069    3969    6745    4189    3248    6071    1487    8364    3894 
    471    4421    7046    1148    7075    2334    9651    7664    5234    8242 
   2345    4653    2070    7572    9052    2817    8623    4405    6971    9261 
   9729    4661    4621    9733    4987     910    2626    5354    3665    7832 
   8767    4347    6016    8263    9210    2270    7088    7230    7187    8704 
   6822    5411    8966    4449    2015    4045    4430     884    1527     502 
   6245    2363    6042    7408    7230    3237    7601    8520     311    3435 
   2187    1409    9233     398     704     375    1034     616    9806    3034 
   3266     992    4308     517    9877    8849    7096    4341    9760    9511 
    840    2643    1053    2080    8195    4720    2481    7277    3604    5572 
    230    6044     376    1520    5184    3961    1254    3846     671    4496 
   9356    9901    5334    3583    9064     148    9193    9099    3214    5200 
   3527    1453    3752    9083    6829    5651    7940    3652    9731     994 
   1125    4410    1565    1860     114    9775    9997    1887    8292    4295 
   3053    4352    4721    1251    9765    3490    4716    1638    1665    5112 
   8619    4602    2391    9974    8844    9067    6783      50    2657    7512 
   4039    6121    9594     652    1698    4890    7964    6083    8568    5230 
   4441    4921    5017    6083    4401    7870    8541    3074    8367    6241 
    935    6918    1693    4004     997    4359     431    4135    3284    1561 
   6254    6223    9109     620    7217    2608     717    2179    9200    7135 
   3372    1013    4919    4053    2930    6878    3566    4532    8447    9938 
   4317    4807     284    8625    1234    3079    4294    7938    5408    1918 
   1731    7861    2579    9184    2728    4831     943    3209    8413    4010 
   4339    7391    3032    6501     634    5199    2819    3548    3720    9103 
   2757    9317     282    5954    5888    4868    9240    6947    2346    8600 
   2595    2437    6934    2601    1330     630    4707     109    8937    4429 
   3782    6611    8179    2570    3383    5962    3781    9592    2994    3351 
   4855    4154    5427    8972    6120    6742    2567    9770    6191    5919 
   7647    1812    4587    6901    1988    2480    6460    7498    7319    9970 
   5550    4208    7032    7363    1329    5631    1033    9939    5937    1242 
   9181    7326     112    1074    7782    6585    5043    5846    2039    8395 
   8832    7725    4937    6134    2091    9008    9651    6833    7086    9783 
   8236    3732    8791    5877    4080    2499    4240    5261    9431    7017 
   8656    4484    2141    6122    2937    6681    7705    9647    7346    9234 
   3671     700     455    2257    3515    1241     782    8741    6224    9706 
    899    3401    5976    2660     294      80    3555    7316    3743    6864 
   7431    8088    6565    4025    7803    8328    6741    2332    1329    7854 
   6623    8334    7731    7993    3687    8801    2055    8437     639    8668 
   7921    4438      67    5554    7834    8604    7793    9201    6302    8873 
   2081    6045     354    3122    2962    7495    9892    1301    7057    5535 
   7224    7998    8491     715    1141    1890    5769    5777    5918    3673 
   7800    2745    9754     739    9653    2584     328    5144      91    4285 
   7381    1204    8437    4594    3556     433    7907     496    5048    4501 
   6198    4060    3087    1359    1806    3255    5725    5766    6339    2970 
   6968    3067    8900    7606    6904    4274    8512     341    2132    1236 
   4530    4463     571    3015    2976    8979    8488    8445    8823    4148 
    461    5317     416    2551    4933    3602    2387    7818    8967    8711 
   7718    6273    5889     918    7920    6369    8600    8739    2706    7042 
   9522    7349    6963    8876    5373    7895    3370    1325    1266    9963 
   3587    5141    3996    7398    9562    1637    8783    7162    9239    9428 
   7258    1988    7690    4918    6992     226    5533    4934    4496     443 
   1412    8631    4312    4110    4223    1097    6508    7018    3838    2905 
   3731    8937    6129    8283    6816    1484    9239    9544    4852    6143 
   3268    6940    1652    7984    4788    1215    5538    5711     951     778 
   3550    5390    5328    6642    4294    3448    9095    6058    5921    4349 
   6673     125    7015    9734    4525    1547    8514    8734    5465    6205 
   4244    3708    8505    6217    6114    1669    6077    2787    7548    9326 
   6265    4258    5396    8854    7580    8560    6176    2233    7787    9472 
   7287    4351    6279    3011    7606    8899    1598    3622    4737    6559 
   1830    9871    8134    1973    5827    5803    8273    4548    7435    7308 
   2117    8279    3298    2408    4225    7462    7135     682    1024    8421 
   9901    9757    3005    2185    5706    6192    5911    9430    8005    3962 
   7315    6950    9154    6225    9462    4396    9176    5096    2677    1116 
   6337    9736    6231    5547    2945    5237    5163    3778    4706    3478 
   2201    9700     899    2457    3707    6420    5676    2391    7321    7540 
   7841    5331    6886    7309    7642    9990    7123     673    4282    5020 
   6540    7818    7140    2055    2078    2896    7023    4529    3141    3375 
   1158    9454    5805    4623    7083    7174     255    4236    6124    8410 
   5778    1927    6731    8857    8022    3778    1550    9044    2654    4132 
   9882    1204    8000    4496    8864    5506    6867    6399    2613    5142 
   4281    4420    8423    3510    3610    6261    3056    6981    8247    9131 
    228    3613    9834    5543    2424    1579    6862    7070    6335    1028 
   9423    1621    1440    9653    6865    8351    5476    5324    5139    4452 
   8909    8807    9767    9756    2900    5807    8502    8339    1698     355 
   5016    1122     941     917    1223    9857    7893    6494    1230     800 
   8318    2458    4323    5901    7371    4919    7868     395    8674    7978 
   3582    8291    6560     426    2223    1477    1369    7120    2425    3881 
   6637    5595    9132    9454      25     276    5916    1627    6928    5107 
   3270    2313    6839     339    1957     545    7757     779    6418    4407 
   3170     903    8345    5011    9519    6869    4592    8010    9398    6709 
   6813    6352    7217    7749    2408    7804    9586    4666    7694    2166 
   2230    2482    4567    6014    8920    6272    1327    7322    5571    3408 
   6854    8388    4470    4740    4855    3085    9389    8279    1511    3699 
   2251    2671    5537    3301    5971    8036    4395    1983    6105    8575 
   4209    9108    6013    4786    3779    9201    6418    3068    5028    6096 
    399    7051    3194    8513    9164    8069     129     377    2264    1863 
   3188     877    8293    4810     337    2504    8590    5772    9391     148 
   6972    8986    5547     679    3092    9343    6759     393    5686    3861 
    933    7214    4655    2199    2388    5593    7701    4647    7591    4665 
   8080    8196    1779    4454    4903    9990    8766     604    6394    2791 
   5939    5500    9520    8865    5295    2462    6483    7180    9186     159 
   9731    3715    6385    6403    2308    6261      72    4022    9680    3146 
   4380    6655    2459      18     268    8993    6881       4    4629    4257 
   1305     371    8828    1493    2556    3147    4103    6664    5499    8075 
   1690    4450    2871    3739    4886    2158     100    6740    8816    3240 
   1625    9386    1175    5498    1053    3536    3838    8290    7355    1930 
    922    3772    3314    8656    3598    9536     396    7221    5752    3887 
   6345    8108    7479     429    7896    7695    5285    5638    1264    6903 
   8881    1680    7278    1072    4499    6811    6391    2215    3752    7457 
   1188     993    5271    9257     454    8583    3542    9205    9400    7918 
   5715    7393    5211    9710    2467    4799    5721    1114    3469    3059 
   1751    3959    1466    3230     374    5034    1541    3192    7227    3087 
   3732    7498     889    5930    7871    9256    1271    6300    9205     937 
   7000    6999    2223    9870    3871    4209    7900    4637    7550    2902 
   6552     581    8945    9732    4462    6184    9926    6957    7465    7239 
    379    5540    8830    2393    5021    6846    1926    1898    9794      99 
    388    1246    3238    7136    9829    2703    7780    6883    5481     720 
   9531    9455    9565    1708    2886    3833     705    4698    8011    3624 
   5228    7066    5085    2626    6810    8673    9107    5581    6591    8533 
   3004    9829     648     422    4796     404    5473    7740    6666    4503 
   5003    3356    9915    1270    4644    7177    9992    9333    8726    2748 
     53    7648    7896    4322    9837    4853    2022    7508    9039    8565 
   2408    9880     809    8829    4304    2735    1532    9264    7045    1561 
   7625    5389    4470     717    8713    2055    2721    7348    9275     942 
   6005     578    7601    4708    3451    4707    1737    6485    1781    9278 
   6989    2187    9245    4668    8510    8346    5935    9147    5512      49 
   4453    2242     723    1953    2725    9666    9857     340    7712    7103 
   1069    5678    4723    3664    3619    3290    2113     992    8335    4345 
   5241     659    9811     648    6738     776    1774    4462    2384    2509 
   2541    8953    3183    8626    7083    5750    4581    9086    5855    3589 
   3209    3232    8243    6041       9    4162     265    6917    6153    8534 
   1981    9109    4778    4204    9958    6328    7231    8881    4107    7515 
   7259    5272    6201     516     366    2089    9490    5028    8441    5715 
   4952    4814    1665    4330    9929    5690     699    4866    9176    8891 
   2203    3295    6665    9107    9858     416    8881    2646    1213    8593 
   6818    4027    7935    9687    4379    8609    3341     810    5480    4774 
   6432    2472     785    1682    6089    3187    7735    7613    2584    5663 
   4249    9526    6076    2360    7366    6622    3423    2336    2943    9420 
   5256    7105    1497    1124    5056     515    8305    9921     723    6533 
   2935    9265    7027    9288    4545    8128    4231    1682    4473    4805 
   4162    2489    6927    5883      78    6954    1899    6688     761    2619 
   1826     732    2461     332    4981    3460    4538     229    4080    9949 
   5962    3842    8186    7117     176    6437    9632    8467    5274    8177 
   5375    3439    4892    8780    3981    4012    2821    7957    5255    8388 
    888    3114    9439    5282    5391    6553    6828    2644    2071    6722 
   6714    1478    3411    1922    6601    8832    4929     363    8815    4005 
   9020    7405    1815    8538    5944    9435    7792    3683    1541    3928 
   6455    8657     420    6946    7326    9260    1512    2555    9285    9161 
    117    3506    6658    5571    6892    8831    5685    6850    9564    2016 
   3889    2150    7586    2867    7532    2155    3451    7260    9137    5624 
   6909    1616    7888    8575    9956    3094     573    1695    1135    2276 
   9759    6798    7418    2425    8834    5055     756    8264     675    8092 
   4217    7676    7836    8024    9587    1722    7344    4041    4262    1934 
   2470    1257     347    8981    7160    2170    2949    3473    6219    2328 
   7852    7945    5790    9563     994    8854    4173     509    3449    8825 
   2633    9017    6005    2287    9478    8573    6828    2181    8379    4821 
   4194    1457    3705    4937    3844     710    1440    7715    7087    2513 
   4162    1965    1479    3728    2518    1116     645    9408    3644    8745 
   3578    5791    9047    3163    6655    5284     640    9179    3493    3400 
   3785    1667    8782    6107     501    8685    2267    6236    4307    1528 
   8167    9239     569    5342    3493    1867    2659    6688    5956    2144 
   4790    3801    8476    5379    6921    1201    2630    8927    5807    2773 
   7836    7870    8959    6475    6533    4897    5042    9423    8177     255 
   5092    4268    6476    1850    3780    6486    4970    1327    8968    7505 
   5796    9266     761     422    5263    1518    8375    3481    7757    9127 
   4281    1444    6368    6313     262    6534    4679    4528    9326    8717 
   9146    5744     726    9739    5663    4803    2724    6575    7029    8934 
   9220    7713     319    2336    1844      50    4414    5113    8738    5083 
   8354    8779    4840     549     550    5071    6244    7703    7424     844 
   2942    5006    7567    9477      85    6185    4120    8388    7818    4303 
   3768    3020    3669    3803    5470    9970    9503    9307    5820    5812 
   7146    3363     855    3590    2895    5331    5977    6002    1362      85 
   6703    2788    3355    8343    2972      45     837      88    8856     812 
   4383    8735    7705    9566    5028    6533    9983    8051    2902     984 
   7356    6275    9634    8006    1939     412     151      23    4072    8870 
   2202    6198    5428    8856    8694    7629    6845    8370    8787    2469 
   1877    2778    8547    4674    7715     843     937    5351    4888    2429 
   7950    7528    5943    8945    4737    3570    1157    8067    6764    9460 
   6275    6238    6197    1652    3241    6053    3026     351    9935     728 
   9722    7688    9060    4563    5656     521    9472    6556    8931    5322 
   5505    4127    8824    7023    1114    5308    1581    4539    6057     683 
   5995    3198     731     864    2853    8322    4770    1350    4148    4815 
   2074    4261    3756    4740    1531    5602    1180    8633    8390    7486 
   3914    6548    5954    7049    2008    1685    1077    7666     482    2870 
   9813    3520    1377    2115    1478    5587    7465      20     376    5634 
   3866    4888    4487    4997    2179    1053    9543    6562    4124    8190 
   5058    1631    8127    6095    6152    8183    2826    8838    1280    3404 
   6038    8039    1350    1303    6364    7528     142    5726    7339     671 
   9408     167     777    7229    4613    8370    6799    8793    8852    3931 
   2934     551    3181    2851    3621    2415    1317     303    4472    4410 
   5477    1757    2729    9596    7975    9047    6496    2807     119    3968 
    514    4986    5953    5541    5557    1028    3411    2232    1791    3655 
   9595    7089    3908    7118      22    2011    7229    2272    3969    7182 
   9545    8914    9290    3076    3010    2210     498    5395    4052    7477 
   3272    7765    6981    1635    7090    3131    8738     242    5182    2376 
   8039    6166    7663    7894    2097    9699    9339     621    8030     162 
   8433    1287    4084    5934    6275     598    7908    3217     862    8439 
   5213    3840    9114    9221    2404    8923    3640    9053     996    8330 
   9877     550    9984    5485    8584    2760    4725    3365    6824    6979 
   7329     241    7839    3993    4099    3114    6485    4714     115    2671 
   2273    4060    9717    6079    6502    7489    4343    2962    3420     615 
   5934    5493    7919    4976    4972    5700    3895    7237    7084    1814 
   8044    4816    1119     745    3628    8284    4603    5642    7536    9731 
   9588    5891    1820    6747    3019    1872    7823    3664     970    8345 
   6991    5276    5360    8403    7509    3369    5093    4623      23    3090 
    954    5232    8881    4436    5058     917    7549    3957    1148    2239 
   8172    3149    1641    8513    5609    2937     946    6504    5687    8170 
   2295    1320    5917    2099    7079    2450    4447    8452    1534    5098 
   9657    7883    5504     655    8469    6360    1938     430    6164    5329 
   3859    3643    4327    7419    7544    4034    6385    6840    6861    9477 
   2113     659    3883    5465    3509    5707    5166    6467    4444    5973 
   1421    8791    5631    7055     700    4828    4635    7467    1652    1310 
   7847    1442    3962    3595    7692    4218    7614    3866    3662    8769 
   1314    3620     222    2400    3076    9859    8083    2736    2758    9975 
   7935    5227    7165    2495    7296    8501    3219    9570    1840    9641 
   3671    2359    2293    8767    2823    2328    6776    1211    6816    9881 
   6348    5972    4207    6706    8421    1174    7714    9760    8707     795 
   7334    2914    7397    2069    8306    6924    9397    9654    4850    9632 
   1613     906    2010    6081    2510    6411    3477    2550     475    1323 
   2856    9460    7872    5961    9447    5555    7100    8663    7355    9775 
   3459    9915    8494    7884    7161    4434    5863    8014    3455    7063 
   3410    3060    5498    9076    2699    8106    9329    3821    4665    7933 
   4133    4503    6776    3046    3813    2342    2108    2653    7815     346 
   6997    9536     172    6507    8250    4876    5725     353    9177     724 
   1639    8473    6144    4055     487    7893    3758    9112    8401     986 
   7363    4100    8109    1995    6052    4187    2025    3145    8086    5257 
   4980    7889    3295    1871    9692    9819    3803    8512     572    8473 
   5257    5331    3144    7408    5639    8335    6965    5671    7662    9247 
   9704    1149    3818    2105    8839    3102     186    2089    5264    1656 
   6261    7014      58    4040    3288    3483    1626     886    2829    7781 
   5483    1073     625    6231    3070     246    8230     999    9142    6439 
   6314    5059    9538    6006    9082    4430    2400    4457    8807    6663 
   6316    9743    3150    2063    8247      19    5614    8120    2596    3992 
   1262    8273     351    9580    5662    3238    3795    5804    4908    6884 
   8002    3584    8519    8915    5034    3412    5041    3460     579    1788 
   2262    6075    5625    3691      71    1653    7670    5415    4234    2248 
   6990     618    3577    6920    3495    2589    1456    5381    8858    7417 
   4731    3428    6735    5991    9949     926    1150    7590    6954    2478 
   9432    4186    4713    6792    1415    2528    2797    3253    1070     573 
   4649    3228     214    5902    5572    9225    6475    6382    9145    7205 
   9329    7515     727    6032    8677    6688    5616    3370     179    1831 
   2480    9146     353     875    9736    6135    2323    8858    3714    2161 
   9991    1488    2627    9987    4445    7591    9653    9007    1409    7939 
   1763    7568    2692    4706    8307    5921    7756    3990    4846    7617 
   3745    3703    3217    1496    3635     476    8411    7326    2522    2188 
   6485    5620    1474    7202    5417    6194    6882    7498    2616     630 
    782     464    8586     941    4216    3356    6171     505    1422    5136 
   8744    3553    7308    2753    8731    6410    4535    2777    9922    7035 
   9350    4761    3199    9422    7242    9692    5474    5934     498    5457 
   5932    3743    9765    1397    1980    1207     839    5667    9716    6240 
   6095    2437     170    1504    7167     715    3091     613    1842    2999 
   4650    5432    3436    9886    4038    7028    5393    6262    6679    1879 
   7291    5778    8527     517    1028    2932    6742    7960    7539    6260 
   6946    3991    5098    1917    6204    6658    9959    4213    3903    4155 
   8935    8566    9773    8732    1327    2765    9430    1171    4588    4439 
   3057    5963    4039    6200    2068    5379    2054    5038    1951    5300 
   6213    9253    6877    6892    9101    4454    3122    5990    4664    9967 
   3842    6399    7354    8370    7355    4249     616    3826    4707    7976 
    740    9365       2    2559     548    9350    8746    7248    4954     973 
   5308    3139    7055    7841     450     707    9058    9425    3865    7686 
   7105    2496    4682    4506    2861    4538    4947    7940    7566    4552 
   7269    3562    6203    3688    7993    4148     407    6692    1556    4275 
   8782    5303    9988     992    2432    6379    3934    6691    1646     846 
   8009    3067    6948    4328    3838    4423    4004    6705    8683    4456 
   7241    5813    6233    3161    1464    9953    8819    9496    4239    4991 
   7085    1075    4347    4419    3980    4284    3260    4956    4837    6954 
   7208    6018    4235    1013    7211    8699    3390    4370    3184    8775 
   8870    9691    6130    8691    4600    2725    9329    5500    4299    4327 
   5452    5260     792    8467    1533    9557    1936    3140    7882    6482 
    314    2318     187    6666    5301    4885    6256    4764    1621     822 
    217    8191    8091    5830    7275    7816    3907    3039    1616    9851 
   7498    4495    8493    4217    4793    5707    9104    2310    9517    3692 
   3448    6264    8077    2685    2071    2583    5514    1951    2301    5296 
   7049    7001    8400    7704    1796    8898    7899    7192    1388    6333 
   8340    4606    6454    1663    9599    8244    8142    5227    7029    2652 
    236    1872    9783    4087    9798    9889    6828    7773     698    5308 
    415    6896    4961    3858    3074    9640    1398    8810    9530    8530 
   9634    5390    9408    5834     396    1471      46    9837    9615    9869 
   1290    9453    4806    9712    5776    8794    7022    3066    8848    9094 
    664    8308    2022    2695    6446    3561    2690    2665    9870    1918 
    631    2076    8747    5161    8804    8967    8464    4211    1906    6565 
   2997    2625    1197    3495    2985    4148    8247    5366    9573    6511 
   3383    7400    4186    1480    6903    7563    9925    5482    2372    1057 
   9842    6060    1725    9942    1000    6876    1281    6190     929    8005 
   6296    2522    4857    8868    9205    2991    7922    8309    3328    4503 
   6465      39    9484    1181    6467    1955    7699    5809    5190    4683 
   9984    6470    4193    8112    3024    1934    7996    4653    1548    6338 
   2918    4475    4131    2284    4840    1094    3227    1602    3000    5326 
    341    4702    9304    1850    5441    2711    9109    5389    6912    1388 
   9934    2900    4691    2203    9150    4032    4553    3887     325    4610 
   5962    7282     629    6915    9375    7363    8445    6152    1446    8957 
   1189    4625    8173    6841    8204    3885    6724    6686    2587     386 
   6406     608    8782    2033    8025    9966    9881    1413    8779    8489 
   9725    6479    6715     828      57     972    4794    5164    2310    4989 
   9636    3668    6881     725    4153    1253     189    9691    6422    1369 
   1221    5424    9410    7335    4829     129    7451    9151    8595    4528 
   5739    8616    3735    7712    8528     106    8210    7812     206     438 
   1992    4876     967    8846     246    4543    5430    7313     105    4782 
   8182    2230     640    8278    5022     693    3669    9872    2430    8598 
   5132    1882     664    3160    2859     100    7835    9465    6834    9798 
   3235    9237    2257    4153    8331     124    4072    7184    2850    5512 
   4027    9499    1648    8093    7758    7944    5207    5276    9933    9566 
   2981     859      62    6259    4108    5358     218    8876    4473    6862 
   8630    8664    2564    5370    9856    9461    9144    6170    3110    6248 
   7332    2041    5165    4374     400    9774    3244    9060    4299    3848 
   6315    6623     751    8971     281    7274    4574    3624    3716    4332 
   5876    8758    5976    6186    3684    9358    8813    5478    2672    1705 
   5924    4624    8746    5870    2276    7987    2397    1226    6493    8836 
   1009    2551    5112    3546    2574    5720    7107    6416    3642    4878 
    691    5930    3762    7509    2150    7359    7146    9891    8206    7158 
   9836    3023    9234    1791    7286    8328     571    7330    2911    3181 
   3094    6469    2920    8609    2255    6424    6540    5413    6872    4602 
   3594     377    5075    8908    3320    1259    5047    6069    9315    7779 
   2451    4466    5533    6006    4760    7616    7356    5181    5121     670 
   9972    9292    4803    5078    3492     533    3840    5907     557    8137 
   4023    2223    7544    4045    7057    3399    4901    6331    3403    3269 
   5623    2408    4084    9614    3448    6644    8573    8652    3937    1217 
   6768    2906    2303    4779    2015    6116    1563     825    5165     701 
   3413    6537    6713    1694    2063    3302    5234    6037    8212    2124 
   5511    7648    6317     699    9045    6795    3367    4050    2934    6938 
   1469    7320     530    3435    9761    7564    8731    6304    3353    1186 
   2260    3550    8346    5075    4901    2505    2304    2393    1274    4069 
   8997    8500     449    8810    4714    8559    4464    4426     993    5980 
    645    1299    5228      57    6515    6510    6278    1923      32    7048 
   6964     219    5921    9724    9106    1804     943    8763    9634    8222 
   7073    1970    8233    5679    1793    2945    7950    4838    8938    9878 
    263    6848    1893    1141    5202    3751    3322    4102    5298    4621 
   2046    6365    9383    3634    8245    8005    8517    2631    2691    9249 
   1757    8679    4414     549    3818    6634    3844    1005     237    7782 
   5320    6714    8157    8246    3596    2755    2466    5065    3954    1262 
   7719    3559    4425    3309    5981    6953    1660    4172    9545    8086 
   9090    9962    5341    3472    7121    8564    4758    1980     344    9376 
   8611    3990    5998    4427    2017    1961    1245    8110    8066      83 
   4226    3982    2330    8914    5309    4890    2520     716     463    6990 
   8860    2592    8269    9169    1147    7453    5724    6831    7859    7368 
   5700    3050    1182    9871     684     675    9358    5491    3257    6157 
   4384    3887    3669    9557    8751    6785    8799    5504    9652    8187 
   4846    6694    2903    6227    8139    4952    1656    6455    4612    4839 
   6917    3376    8701    1304    7893    5594    6688    6016     186      65 
   7815    6624    9029    2640    8944    9445    2873    5330    4930    8852 
   9920    5556    7438    5976    6448    8999    9492    5262    1191    5615 
   1692    9856    4404    7906    8745    5869    3765    1546    1710    1148 
   1809    1158    2215    6320    1201    8162    9748    4630    4800    3414 
   2140    2364    7262    4647    2331    3473    3666    7606    1591     462 
   8554     209     551    8544    5662    1071    4551    1608    4652    7289 
   9120    6643    6156    1511    4712    7925     577    5016    7218    3480 
   9281    1748    2240    4125    9012    8120    6616    9749    1694    4710 
    269    8379    2140    8980    5108    1072    5587    2592    5389    9685 
   5495    3009    5740    5181    9585    6647    8866    1300    8685      82 
   4846    2114    8660    6536    7883    2300     402    7180    4416    5786 
   6694     700    8525    1851    7577    9966    6778    7722    7824    1689 
   4792    3243    1068    3480    2126    6291    5202    2889     389    7274 
   2779    4643    1883    7257    8304    5611    2542    7054    1566    1780 
   3419    3970    2420    7963    9618    8780    7842    8837    4126    8004 
   6454    9470    6785    5576    9237    4510    5358    3585    7677    7877 
   6486    3955    2218    8959    9250    1607    4554    7082    2971    4978 
   7037    3324    3914    1573    1282    7647    2663    4674    5894    9717 
   5027    2267     182    3831    4599     802    6706    1902    4314    4494 
    553    3588    7706    5518    7344    9352    7941    1692    5153     477 
   4182    6011    7754    9877     319    6742    7913    8935     729    7701 
   9802    8518    1325    5809    9029    6843    1894    7041    7272    2907 
   7461    2505    6064    1850    2285    3509     857    7783    9938    8232 
   2196     384    6916    2868    5560    3866    5217    6989    5227     807 
   1431    6238     367    8771    5991    5489    3519    4645    6481    2081 
   2577     179    3133    1897    7450    2362    2993     647    1691    3934 
   1615    9004    7561    2593    7609    2960     209    2285    5890     169 
   2992    6309      29    8917    1251    9955    2778    8840    6372    9840 
   6541    1562    5361    8231    2318    4977    3770    3212    6479    7115 
   1395    9786    9644    4199     853    2741     867    2818    8863    9404 
   3352    7976    8885    9324    5021    7173    1606    8324    8383    5678 
   6689    6383    9348    9639    5208    2390    3937    1817    7214    3892 
   5115    9365    3006    6703    9412    4285    9845    7451    4436    5020 
   8095    1970    3878    1920    2067    3835    6242     298    1200     242 
   7104    2214    6645    6977    2486    2165    6806     249    2632    2492 
   2925     817    1344    1414    2427    5007    5919     370    3411    7977 
   6669    7610    8393    6914    3046    1820    9238    5694    5455    2986 
   8041    8013    7999    7665     677    2964    7573    2360     694    5628 
   9045    1811    1304    5345    4527    8643    2306    6061    7193    7058 
   6972    6349    6503    6027    1161    1555    2260    6789    3207    6890 
   9453    5382    8510    8205    4541    3366    7173    6719    6480    8985 
   6515    5022    2603    6559    2833    4289     285    4100    8409    6849 
    194    7819     432    4008    5925    7524    8219    6307    7790    8718 
   3953    2318    5647    5631    9979    2486    6781    4383    2663    6540 
     52    7017    8769    6564    6803    5231    5382    2940    2346    7291 
   8501    7057    9226    2840    8617    2958    4943    8095    3809    9882 
   2304    8263    2195    9044     169    4928    5949     953    6002    3620 
   8507    4043    9329     825    5064    1474    6992     268    4030     582 
   6892    5485    3721    8648    6842    9395    4219    9402    9059    1900 
   9093    6997    8900    3335    5448    8074    8464    5065    3667    7961 
   1880    8433      85    4053    9268    9837    6866    8013     651    2794 
   3374    8510    9405    7510    2458    7951    7254    4703    3230    9885 
   9239    3183    9156    8575    7640      79    6596    8621    8385    8483 
   4259     452    2140    9744    8486    7000    4960    6722    2755    7946 
    180    9851    2348     547    4010      56    6732     231    2241    1288 
   2883    9941    4381     702    2510    4457    4581    6370    4951    4873 
   5791     815    5355    8787    4716    3645    4699    3804     355    8058 
   4175    5490    8179    4138    1534    6062    5322    6465    1065    6778 
   9557    4841    2093    5230    6289    4651    3093    8601    3312    7789 
   9819    5261    2641    5943    6215      78    2409    5517    6299    3277 
   9479    7509    3686    8770    5234    6244    2979    5490    2794    8041 
   3862    4479    3838    4584    4396    5185    7144    6081    4774    6788 
   8985    6118    6565    4224    7591    3539    5359    4012      43    6638 
   6642    2010     158    1496    5714    3776     197    9389    2506    8345 
   7559    7840    1287    7907      13    6129    3388    9152    9471    8828 
   8353    6832    4849     322    5177    6482    9089    9119     689    1187 
   4127    3292    6549    6764     235    7374    9807     819    2970    6654 
   4534    3740    1778    6973    3640    3892    9209    6836     663    5034 
   8614    3934    1061    1278    1281      34    1330    3798     970    6588 
   2122    3938    5011    8386    8499    9368    6296    4104    6384    3482 
   9789     722    9386    3404     486    3404    4234    8607    7161    3684 
   6255     433    7702    6572    8568    2612    7322    1546    9951    4246 
    554    3294    6712    9671    1542    5555    3315    4107    4885    5426 
   4987      79    1010    6114    3109    7203    5934    3248     773    7148 
   5122    3621    1577    6292    5125    5469    9477     965    4710    6291 
   1283    3985    9238    7570    6279    6690    8227    5778    9358    7619 
   6227    5537    5035    7608    1384    3923    9785    1152    4441    4572 
   9225    5609    3265    6433    4859    3038    4501    4832    2335    4315 
   4411    1832    9452    1518    5595    8789    7537    2527    4888    6489 
   4213    1282     450    7259    9073    8207    2850    9053    6346    7936 
   5733    3691     204    5668    6600     102    9088    9225    7147    8769 
   5125    1198    5653    5346    3526    4465     970    9909    4718    4775 
   8820    3185    8879    6111    6306    2715    8527    8108    9812    9953 
   9890    9925    4796    3968    7844    1665    3374    8670    2449    2677 
   7052    8213    7277    5908    7461    9615    1085    8829    7571    2524 
   4702    4415    9451    3539    4460     149    2387    6507    1955    9094 
   6922     854    7494    4697    6213    7115    1176     180    5985    2597 
   1261    4129    8345     350    4165    6203    2689    1504    4283     762 
   9072    4413    4641    1646    5500    4014    1353    8358     851    1384 
   5797    2452    9368    6507    8529    3049    1017    6989    8008    2115 
   4387    1623    5420    3370    5268     536    4108    3514    4553    2958 
   8410     838    3701    9584    2090    4219    4634    8970     937    5017 
   3642    6417    7628    5430    5653    9417    9474    9518    6034    5890 
   1296    7275    1998     132    6338    7888    4644    6727    7877    5645 
   5663    4477    2964     813    9842     831    7630    8263    5626    2280 
   9765    8606    1207    7676    1912     188    2879    9581    1231    5399 
   5728    3364    8027    1446    4112    5011    7380    4008     852    6401 
    691    1978    9559    1112    5206    2898    4126    4776    9996    1616 
   3015    1435    6251    9207    3720    1402    8252    5261    4531    6724 
   8941    4261    6548    7498     593    5977    8803    6012    6806     540 
   3291    5978    6724    1185    4743     946    6230    1526    2031    9420 
   3706    9657    4262    4161    9859    8392    4802    9678    2143    9505 
    760    5033    4293    9966    3773    8720     668    9858     334    8613 
   3208    4916    6358    2751    6103    1424    1209    6082    9529    7616 
    973    4194    9184    3633    9410    7530    2796    1617    7741    8609 
   8220    8559    1166     398     345    7184     858    6100    5585    4302 
   5067    9379    3452    1837    1914    9302    4414    3050    9484    6128 
   2053    5344    5907    2505    5393    1492    3243    9567    4196    3112 
   4215    8989    6018    3794      80     143    8835    4414    1278    6144 
   7215    9823    9871    3826    3117    4414    4256     432    4700    3818 
   2152    4185    7781    1412    7418    6784    4955    1211    9941    3365 
   6817    3278    5509    9481    8215    3777    4351    5267    9996    9500 
   2878    4098    3341    5819    3027    6776    9432    7809    7590    2582 
   1965    6590    7894    5334    3779    6810    2318    6040    1782    6628 
    240    3696    6221    8576    6239    2285    1390    8214    3625    5178 
   4870    7648    4713    7742    1536    2650    7641    5227    6720    5381 
   5996    5759     175    9537    8018    7618    8769    1089    6745    5903 
   1204    5769    1091    6120    2472    3922     570    1317    9274    4417 
   3130    4929     124    1944    6399    3695    5541    6217    7549    3708 
   4331    7326    5905    7954    1761    8846    5493    5535    4191    9125 
   1753    1176    2591    1681    7816    8601    4322    7578     939    2880 
   8498    6250    8958    4956    5362    6373    9956    6207    4140    5045 
   5725    2141    7088    1820    1065    2074    9622    3923    6481    6016 
   7767     389    1413     882    4487    5763    8770    5611    5897    8544 
   9275    8837    6852    5590    5853    3310    2942    1333    4154    8462 
   2540    9863    5191    6205    8222    8661      14    5360    1622    5104 
   4374    6921    9569     713    3405    5816    2230    3590    2495    4750 
   5893    6453     719    2289    4029    6279    7485     402     289    1656 
   1356    6376    6244    5678    2425     196    4815    5414    6053    1313 
   7600    3852    6323    8016     580    6560    2116    8590    8082    3252 
   7379    5851    9262    3962    9844    5744    4884     579    9243    6230 
   4710    7126    6872    4895    7431    6365    3267    2387    5737    6050 
   9710    4117    8863    5467    2272    4467    3758    1786    4235    6185 
   3859    6175    3818    2593    1401    1644    9380    1792    5181    8131 
   3512     120     708    5493     793    6796    3832    1740    1331    2892 
   2083    2093    3717    5565     195    4291    6493    2820    7605    6914 
   6847    4996    6051     459    8870    6613    4842    5381    1428    6283 
   9847    7402    7460    2963    9796    7993    2348    3983     106    7140 
   8909    4024     119    6259     478    4478    4355    1411    1618    9493 
   2226     900    8031    8387    3456    6702    3414    4117    8442    6259 
   1188    3995    3725    9651    3315    1948    2814    7365    6742    1287 
   1720    5508     381    3159    6716    8598    2040    8636    9081    4866 
   5172    1757    7896    5396    9957    6732    7302    6335    1810    4992 
   9072    2956    3172    6811    4823    5373    1158    7801    4739    8370 
   4504    2766    1322    1969    8126    8097    7293    5141    2564    9195 
   6591    2351    8608    1227    6126    1523    4476    9970    3877    2446 
   4054    4415    5808    6638    9931    4392      68    3264    4196    4522 
   2005     806    3335     502    7619     910     925    4923    6254    9038 
   3296    7613    5584    6421    8837    9845    3223    9137    1221    2651 
   9653    3117     441    6968    6615    8352    3273    7352    3558    1667 
   6552    1617    2313    5028    2449    5900    6756    5563    4873    8366 
   9926    4204      36    5077    5746    2200    2264    8368    6361    8597 
   8203    1488    8917    7250    8718    3246    7545    8915    7986    2929 
   7315    2534    3547    8841    6945    9963    9425    3489    6193      82 
   6786    4664    2004    1459    3112    4423    4744    7581    1320    7355 
   2138    5028    4902    5398    3894    2897    3746    8969    4420    1311 
   8052    3163    4533    7878    4481    3427    5585    3631    9545    7219 
   1078    4126     109    6925    1486    7171    9845    4561    7739    5936 
   3494     650    7647    5096    7865    8063    7376    8092    9657    6596 
   7024    5578    5378    5566    5334    8729    7917    9828    3624    6159 
   7646    9259    3128    9936    3323    2985    3113    4400    9528    7399 
   9377    1315    2871    1371    4036    6272    8806    2966    7849    4180 
   4511    9432    5789    6209    1007    6297    5017    6588    9466    1950 
   1983    5301    2464    1297    2005    1917     858    5772     310    6540 
    889    7267    8299    6160    4158     399    2573    8596    5194     949 
   7118    1645    7455    8244     992    2035    8845    5838    4812    7383 
   2067    7891    9421    4454    3479    8340    9190    8719    6496    6167 
    623    3462    2065    2839    4139    1499    9224    7357    3215    8952 
   3355     258     438    8446    8383     368    4436    8624    1879    7165 
   5134    7924    8776    7175    7355    3178     259    5011    4365    7813 
   9279    8366    3661     152    3074    1562    7025    9662    6128    4104 
   5665    7830    4063    9092    9136     840      92    1322    3644    3172 
    900    6421    1328    4858    8040     489    7169     211    4309    4348 
   4287    2576    1922    7739    1535    7863     782    6573    9585    9477 
    656     714    2943    8595     639     654    5742    6717    2940    8920 
   8550    1895    5718    6095    1927    6123    1490    1920      33    8987 
   3417    9104    4164    1868    1718    1192    1797    7748    6377    6126 
   1447    3982     351    3971    7447    9256    9547     697    1614    1428 
   2005    9879     682    9921    8891     690    9403    4906    4217    3690 
   9215    5655    8494    5544    1536    2113    3946      33    2877    7009 
   5340    5520    6238     625    1049    8346    9519    6730    3487    7572 
   7063    6115    6745    8931    4859    3684    1939    4900    3417    6094 
   7559    3396    4895    9596    2929    9745    2645    1881    7779    5324 
   2026    7536    9912    1513    1091    3973    5912    9491    8507    3614 
   6993    4783    3987    8542    3153     440    3376    5816    4067    4285 
   6573    5234    4383    3739    1483    6438    4424    6397    1320    8963 
   4696    5752    5756    7051    4067    9255    8643     913    6957     221 
   6333    7451    4525    6028     987    6426    8416    2503    2693    2541 
   3389    8439    2668    9981    6869    4769    7428    3579    9348      96 
    348    9955    9385    7984    2776    2749     985    1708    1541    8361 
   9097    9001    3554    2495    1072    2754    1006    3263    8077    3573 
   2627    3563     640    6672    7446    4062    6792    8615    7537    8199 
   9581    9149    5355    2339    3153    9532    9432    7446    3018    1570 
   9438    3465    6664     935    7931    3984    5239    4201    1447    6664 
   5686    1561    8042    4465    5408    6176    1848    3724    8304    6724 
   7788    7782    1855    1870    1180    9061    9835    4110    7650    8213 
   4165    5700    8502    6312    2453    1247    5487    4900    4849    9954 
   6803    9179    4964    5451    3034    1597    4845    2706    7766    6692 
   3222    9596    2643    3130    9607    5377     751    5608    4204    9501 
   5372    7526    5038    2038    3411    5128    9248    1273    4078    5245 
   5037    4993    3786    1631    4461    9413    7626    9469    4893    3747 
   6293    3623    8805    9024    4866    3882    7318    6896    6468    9597 
   2874    7914    9496    6904     339    9034    1860    3991    3856    6943 
   9452    3801    8844    7237    8948    8946    4710    9411    6951     645 
   4004    4193    8475    2063    8044    2823    7833    6533    7363    7553 
   4073    2846    7713    8846    1317    3054    8825    7569    1562    3028 
   3643    9771    3817    2404     314    7596    8816    8481    7890    2316 
   2949    8135    9358    4519    8567    2900    2438    2076     349    4950 
   9356    8679    9030    5958    1749    4446    4464    6513    5781    5380 
   9748    1126    5565     339    6906    2707      92    2522    2513     856 
   9980    7519    8550     290    5589    1453    9777    9320    7283     861 
   3964    3390    1993     607    5404    5402    7580    7371    5341    2791 
   7991    3983    5170    1134    7703    4283    9538    5449    3514    9051 
   6888    3282    5422    1037    4368    8188    5999    1155    2527    8262 
   9452    8492    2784    2016    7402    3969    7233    3090    8278    1156 
   6069    6011    1209    8095    2605    7570    3293     780    9683    2224 
   1208    2360    4139    5395    4274    2132    7887    5535    6284    4883 
   5199    4372    7680    4258    5786    4918    7985    3495    2410    8461 
    803    3064    9919    5056     128    7563    9853    6824    7264    3536 
   1031    9745    2188    5810    1945    7580    1872    2415    5153    1049 
    753    7175    7386    6461    5345    4653    1635     627    5766    4314 
   9055    3057    1906    9458    9258    2206     851    1783    7242    9864 
   5265    4269    4051    6617    9450    3497    6091    1808     986    7462 
   4961    3360    1048    6517    5652    6457    5753    3116    5997    5137 
   4235     751    4399    7607    6541    3655    5984    4288    5865    6624 
   9629    7442    5205    8699    9559    2600    8064    5300    5594    4959 
   6480     924    5549    8400    7365    8520    1773     861    9921    2267 
   1354    7415    2696    7629    6152    1604    8772    6291    4467    6311 
   1506    3857     901    7798    1280    5031    4779     377    5777    4432 
    328    4658    2469    1136    3781    9293    2176    1592    3497    4704 
   6861    8644    9315    7429    3109    4062    6387    5386    5179    8182 
   6990    7613    7936    3071     980    6865     512    4943    1911    9824 
   6103    7486    1159    7604    1977     234    6841    8750    6448    5113 
   7795    7997    6361    9938    5435    6655    9440    9758    7914    4718 
    769    5683    1686     502    1608    6105    5321     975    1776    7072 
   9195    4777    3919    6986    2561     395    9096    5760    6421    3963 
   8364     108    6607    4694    4269    4728    6530    1103    9504    3818 
   3158    7867    7384    8553    2979    1399     240    3965    6917    2064 
   7340    3002    4473    2296    3564    6433    7752    2865    3644    4777 
   5411    3994    4545    2422    5103    4139     277    4723     485    6830 
   9311    6034    5533    5189    4609     312    4523    4483     285    6251 
    798    5375    6891    5746    1255    4439    9431    7858    6315    3910 
   8324     481    7090    9670    3768    8391    2426    5026    8204    9490 
   8575    7957    9912     686    3325    1204    3177    1106    4640    7827 
   6902    3082    1036    9666    4076     738    7283    2524    9067    1867 
   4329    9819    8379    1307    6809    5975    3192    3021    4952    1852 
   8780    3698     277    7190    6747    2844    6063    9177     883    3067 
   4263    2048    6427    9517     247    9913    5527    9315    5598    3897 
   8763     192    6995    5105    3755    2548    6190    6942    7071     657 
   2036    3875    4926    6849     584    8837    1485    7164    3399    8200 
    986    8174    7371    1445    1340    2480    1589    2517    2400    4704 
   8099    1204    1655     739    3759    5832    3754     461    9808    3048 
   7981    8158    4265    6563    9540    5518    9821    4322    6376    9189 
   6483    2771    3124    8615    3933    7644    7743     184    3268    3006 
   4408     511    1614    4155    8316    5138    5945    5451    4199    8880 
   4382    1103     540     572    4215    5557    5781    8088    5958     206 
   1092    9146    1843    4871    6715    9648    5343    5738    5322    4056 
   5538    6243    6350    1703    6459    3791    9856    8789    6879    3122 
   7083    8326     468    6645    7625    9309    9694    3120    9850    1983 
   9423    8703    2076    8248    7759    8550    6871    4961    2363    2933 
   9826    3159     204    9131    7149    8099    7505    9254    3512    3414 
   4514    4552    2737    7621    6644    8831    9095    2816    9503    7094 
   6273    3411     421     700    4385    7489    3141    7004    2803    4537 
   5562    9686    8033    1114    2623    5817    1382     354    7742    7053 
    747    2104    6562    5320    4480    7997    6202    7832    3013    9749 
   1683    2355    5687    9595    8745    1270    6039    8943    8907    2152 
   8731    5010    8252    3353    5218    5531    6207    5394    3315    8442 
   4345    2832    7848    6869    8115    6709    5783    9709    6337    4722 
   9365    4647    4265    4770    5119    3512    6091    7695    4862    9566 
   1858    6722    7289    2531    1932    4327    5133    9924    9424    2115 
   3434    2651    7236    5638    9016    8685    1778    4035    9924    1143 
   9836    3875    6281    6107    8529    7648     774    1126     873    9979 
   7833    7494    1056    8828    5438    8128    4225    4683    2468    8141 
   5300    8086    7482    7060     148    4687    1965      45     290    7478 
   2147     432    9267    7853    8756    7459    4750     699    3316    1130 
   5537    3868    2927     839    6701    9049    2872    5566    9317    9321 
   7826    1284    3422    8483    7988    5530    4194    8635    6021       7 
   1656    5414    4321    9565    3671    4802    9870    9935     450    1487 
   5647    7178    6374    6367    3464    8991    1509      12    2923    1710 
    899    9606    5195    7137    4438    9249    8303     192    3924    7342 
   2709    1742    6770     239    2097     998    7746    8344    4509    8349 
   1155    9385    3200    2620    5840    3758    4954    6415    4586    8469 
   5976    9384    7603    9512    1915    2086    7060    7301    9132    2428 
   5899    6139    8857    2583    9546    6706    4567    6765    3545    9966 
   5588    9265    3640    2033    6711    7744    7363    2117    4441    8950 
   7807    9879    5369    2736     945    4267    1154    5544    7569    3236 
   7568    6363    9747    2602    2189    6576    9541    2752    6421      91 
   4656    3920    2766    1677    1689    4288    7512    9507    2663     332 
   2350    2608    4695    5488    5809    5096    5762    1491    6871    6876 
   1811    6538    8625    4847    1731    5810    9419    9525    7084    2826 
   2608    9503    2899    4607    3674     177    4337    9683    5307    3775 
   1562    5619    6834    4876    1792    1908    4277    9338    3152    4841 
   1296    4820    9703    3278    9268    7943     813    8121    6848    6545 
    903    3724    5491    5438    7511    6475    7630     631    6633    4380 
   8459      55    4305    1543     616    8508    2543    3199    3432     745 
   5913     154    4892    9415    2233    6323    4954    3914    7220    9436 
   3460    2107    8251    2913    4507    9361    6837    6412    1862    8355 
   2884    3628    6773    8736    6365    8532     341    7829    3666    5447 
   7527    2362    6485    4090    8831    6422     966    8041    8656    2710 
   3506    3966    6518    2591    7534    9368    8324    5368    2520    8634 
    229    8786    2407     713    6777     824    5769    6897    8412    7534 
   4037    3845     813    2868    7385    5273    9963    4246      40    5503 
   2404    1950    8118    9499    9657    1329    3439    6897    9501    4306 
   6187    2083    4441     657    7788    8420    9507     177    2900    2347 
   7347    3984    6058    2273    8445    6928    4151    7933    8289    3367 
    670    8193    1311    5413    1459    9172    3485    6161    4555    9971 
   1645     378    8646     314    7778    1669    5626    2980     791    8240 
   2822    4012    6616    9006    9542    5379    9895    8060     780    8050 
   6927    8253    8155    8207     114    4023    4455    5734    8672    9477 
   3510    2058    9069     254    1567    3893    1316    6669    9789     533 
   4029    1285      88    4952    1991    6192    8084    3156    4857    3993 
   7664    1999    4587    1796    1372    2963    2200    9334    9616    8314 
   1552     772    9588    6450    8950    4690    1676    5287    2642    8320 
   7166    6077    5481     148    6059    5182    7390    9700    7940    8026 
   1658    4533    2034    7686     539    2224    4782     405    1143    9519 
   4605    1691    2215    1688    3862    9592    5989    2630    7444    6256 
   7077     277    5918    4926    2044    2458    8713    7188    9222    5547 
   9408    4419    8162    1918     899    8197    2085    2535    2933    6706 
   4738    7852    8296    8060    5102    3570    6820    6918    9568    7822 
   8275    7745    1397    2857    6230    6665    1542    7383    4965    3941 
   3238    5415     697     850    5181    3683    6483    7938    4531    2415 
   7461    6477    1532    3700    9347    1301    2106    7509    8489    1171 
   3407    7930    6199    2281      54    1220    3561    1604    5503    2858 
   5477    9419    3868    2945    4309    4504    2384    8023    4165    1277 
   3654    2660    6590    5466    9857    6003    7255    3743    8160    6895 
   1067    3246    7725    6143      56    8859    3895    6035    4402    9734 
   4447    5327    1976    1622    6075    2535    5918    8311    6704    1649 
   2920    3688     677    2108    7135    5769    9365    9267    5928    5436 
   9340    2464    4044    5506    3894    5287    2189     342    1384    6660 
   4520    2182    5668    1977    7066    8091    9694     645    5741     532 
   3243     156    8258    5390    9735    7055    9007    3534    5060    2045 
   9747    5915    3455    9845    1835    7626    1602    4437    7635    3345 
   2323    6812    9717    5165    3513    5475    6544    3923    6283    9589 
   2419    6832    8688     877    7663    7496    7852    3182    2211    9162 
   3833    7925    2126    8471    3145    9613    3903    4910    8508    8029 
   5810     635    4072    2741    9077    6447    2172    1202    4212    2292 
   8466    3837    9393    4867    7212    8252    8532     651    7405    9979 
   6348      16    3491    9017    6587    6916    1480    9835    7385    9132 
   2403    7469    4702    6021     270    3907     722    4292     957    6994 
   9197    7466    1779    8815    3781    1359    8886    1683    8614    6175 
   1099    7668    2620    5626    4296    1941     312    4850      50    1117 
   2224    1859    5864    5247    7557    1746    2054    6151      58    8921 
   2085    5374    5757     321    9015    2201    7756    1677     583    5898 
   8953    9705    9435    6626    8331    5392    2993    6307     216    7431 
   9562    4159    8791     285    3416    1545    2074    8378    1784    7369 
    534    6464     963    8290    5604    6363    7071    7725    2419    1922 
   9394    3813    9323    7341     685    9312    3887    8791    9346    5710 
   1510    5643    2940    9797    8015    5558    1187    3352    2089    7206 
   9260    5687    6890    5421    8971    4352    2712    6243    6296    1468 
   4182    3498    8527    1892    6169    4285    3357    4688    2298    8081 
   5171    1210    8761    3059     915    1557    4007    3613    9071    6072 
   1766    5133     441     133     909    5609    8744    8566     635    8776 
   2329     661    3639     202    5722    8009    3049    5984    1170    5142 
   1183    3506    5869    7319    9464    5114     126     701    9190    8499 
   5381    7640    2290    2063    8673    3814    9670    9625    1957    4574 
   2322    6457     454    4985    6949    7796    4156    1809    3569    1776 
    523    5917    7270    1000    4457     490      98     868    3712    3776 
   1925    8213    4010    5127    1049     799    8402    9587    6300    6796 
   9604    9386    2427    3481    2440     366    9706    6091    5854    7570 
   6825    1028     465    7028    3396    2398    8107     102    4698    7279 
   4406    2663    6637    3026    4089    3856    3333    9434    1398    8232 
   3224    9634    4788     622    2129    6257    5886    5278    3322    3528 
   7591    9562    5343    1781    5168    7691    8015    8131    7171    1947 
   5915    5964     137    7127    6443    6317    2143    9011    6514    6243 
   5477    9131    7921    2796    7999    6240    6443    6429    6072    9539 
   3901    4254    9309    9912    5518    1892    8897    3244    7191    2441 
   6721    4213    8580    2472    2122    9867    8278    7899    6755    9753 
   6742    7076    5718    3435    1170    4533    4899    6782    4033    6393 
    300    5612    3617    7707    5018    8962     552    2677    3477    4571 
   9109    1079     580    5976    5773    8049    5460    4058     523    9852 
   5716    5822    8133    5251    8189    9742    7808     647    6603     103 
   9534    7311    4742    2402    4589     691    6206    8134    5895    5054 
   8270      28    1070    1515    7855    8180    7382    3906    2229    3409 
   3131    4853    5689    6657    4454    3946    6161    2273    9979     951 
   2468    8610    8355    9635    3783    1557    5260    1963    7752    5287 
   7182    8183    2641    9866    8998    5638    1968    7129    1171    7986 
   7086    4705     256    7003    4366    3005    3322    1090    8836    1538 
   2886    8216    5367    9000    4005    6118    1871    6262    9275    9303 
   6325    2581     678     613     929    3153    9438    4967    2195     471 
   6343    4234    5355    2860    5375    5162    5126    1030    2882    6760 
   2560    7518    3043    9631    9483    4491    7899    7336    7859    2544 
   6854    9105    1302    6837    6212    3920    9922    7198    4061    8351 
   7692    5681    9606    4362    3629    8463    8921    8774    4193    8927 
   1005    3069    4552    5335    9026     758     584    9565    1677    9704 
   1851    3069    8674    8449    8169    2402    2618    8853    8822    9478 
   6663    2178    4035    1055    3735    2116    2862    7829    8407    6202 
    293    6031    6974    6561    9117    3425    4729    1985    8807    7201 
   2016    5993    4552    3438    2239    9686    4432    6503    5674    3974 
   1718    2060    2671    3075    2248    9189    8638      46    3967    5545 
   1054    5554    6814    4430    5676    3103    6371    4214    5110    7483 
   3948    8609    7946    8349    9107     987     766    7514    8027    7116 
   8545    6803    2559    8522    1141    3121     338    2969    4921    8774 
   5911    9523    8914    8015    6466    3077    4285    5277    3463    7291 
   4449    6660    3236    5473     664    3810    5452    6088    4555    8563 
   8224    3324    4718    7458    2622    3381    9260    7542    7331    4056 
   9950    8759    6310    8545    6503    3676    8432    4399    1459    2275 
   8290    5083    7095    8117    1622    4679    5849    2322    7157    5947 
   4867    3469    9039    8176    3442    4801     483    4016    9354    4925 
   9799    3874    6419    4564    4524    2313     924    9866    8037    3410 
   9026    2287    5724    1025     720    6101    4562    5557    8474    7260 
    773     901     303    1459    5139    4053    7670    5075    4487    5090 
   8380    9919     899    7093    3412    1628    7256    3999    4496    1981 
   8894    9321    6175    7398    6328     239    2071    9464    3297    9618 
    124    8443    7678    3218    5681    7431     253     526    4498    3055 
   7722    5474    9938    8440    1904    7621    9968    5530    6645    5293 
   9878    6814    7574    9655    6140     980    7581    2702    5223    3113 
   2638    2785    8809    7650    8420    8396    3411    1529    8079    4719 
   8100    5682    5486    7674    8766    5377    6236    7083    1144    3757 
    861    3951    7701    8382     755    6851    5399    7580    7594    8928 
   2329    1968    1252     134    1277    6644    9566    8963    7373    1230 
   5693    4168    5176    8210    5259    9750    7744    4796    6000    5814 
   6582    9972    7203    3846    6689    6264    4886    7385    5355    5320 
   1334    8132    6873    7419    4440    3129    7829    7681    3046     772 
   9293    5919    9455    2188    2881    2849    9176    9744    7397    2647 
   1014    6341    1575     782    7695    7514    6289    6423    8341    3371 
   6529     784    9345    8912    9420    6278    9423    9357    9636    6534 
   8000    1805    7623    3971    3420    5725    9274    9905    8994    2603 
   7896    1967     349    9371     624    5005    7177    1204    1801    4540 
   6081    6683    5249    6410    8964    2419    5873    2232    3127    4768 
   8552    8009    5121    3467    8914    2331     243    5727    6252    1424 
   3563    9599    3561     586    6356    2279    3511    5438    3908    2428 
   1998    1844    6811    5555    2841     388    8048    8029    8218    9806 
   2461    8405    9424    3961    3503    4388    1696    8593    4591    9999 
   4989    7336    8801     259    9860    1333    1199      88    3858    3124 
   2655      10    9258    3441    2636    3704    7315    9049    1193    1524 
   7783     809    7106    9647    4916    3813    9988    6722    2851    5582 
   9048    8567    3880    4095     158    6783    2915    4739    5894    8965 
    194    4120     292    6631    2191    9144    1221    1931    7559    1755 
   8450    5756     983    3294    4794    7942    2814    7573    1007    4942 
   6496    8433    2526    1538    8976    5824    7595     973    1501    4243 
   1838    2199    9518    8765    3897    3883     762    6805     449    2239 
     22    8299    6551    3829    7579    3015    9093    5044    5845    1352 
   6930    7144    5355    4171    1170    9463    6926    7954    3047    3652 
   1551    3899    4841    8692    3365    3446    1344    9815    3924    8141 
   5582    4442    7911    8789    2629    4770    1424    7376    9692    9747 
   3992    5382    8912    8841    4637    3791    1768    6197     414    3370 
    397    6592    3151    8579    1662    3941    6368    4869    4401    8980 
   9737    7070    8913    5276    2876    6047     437    1699    3718    1891 
   5179    5127    9307    4531    8233    9267    8415    6838    7662    4259 
   6102    1055    7947    6935      53    6676    9042    3531    7325    6821 
   4326    4990    8005     536    1929      11    9198     499    9067    2512 
   8760    9137    8328    8271    3225    1324    8150     171    8500    8489 
   7148    2698    5066    7225    3389    4119    1666    5314    5237    9116 
   2763    9442    9962    5557    5392    1842    9968    6561     483    7567 
   4177    3044    2198     209    3885    2520    6380    1460    8242    7117 
   5821    9129    4395    7448    5738    8981    1274    9298    7566    8050 
   4048    6905    3002     994    8331      48    3058    6477    9378    2100 
   8848    7563    1706    2750    1783    8678    8843    2201     917    1826 
   1251    3286    4298    6436    2844    4197    9343     446    2983    7271 
   4492    5079    1359    8651     717    2121    7733    9531    6781     451 
   7173    2166    6614    8082    4095    2879     621    7040    5232    9866 
   5311    1021    2432    5771    7224    9957    1121    3739    7841    1407 
   9200     902    5853    5941    4168    5139    2008    2627    3341    9324 
   9585    1119    3192    2277     489    8890    9012    7142    2923    5679 
   5402    6025    1675    2365    1399    4377    6137    8190    1445    9844 
   4366    8462    4880    8047    3727    4725    2119    2166    9959     733 
   5294    4045    6869     516    4760    2043    8265    9325     568    4892 
   2258    4314    9802    1386    5582    9426    6466    2922    2201    8163 
    534    9613    6163    8657    6721     972    3361    7771    1539    9033 
    706    4854    9296    5159    4029    1186    3841    1775    8002    8182 
   3040    6795    2306    5961    7266    1590    8371    4031    1499    3032 
     80    7518    3016    6344      30    5635    3135    8286     180    3882 
   1965    9530    2000    7859    9708    1029    6592    4509    6702    1597 
   9720    6107    7091    3003     108    3383    7797    4445    1971    6785 
   5257     441    4316    9084    7333    4891     256    8272    6716    9355 
   9282    7022    5185    5420    4270    3844    5150    9462    2835    1536 
   6066    3056    9588     494    8492    3830    1820    8048    7846    9668 
   6205      90    3239    3794    8207    7962    4155    9525    9062    1824 
   9216    1233    7442    1525    6764    2428    4192    7397    6587    2763 
   8920    6316    5774    3238    6614    2873    9341    2926     963    1583 
   8103    1114    8614    3661    2031    5940    5182    1107    7283    4295 
   9539    1569    9010    8082    7614    9801      81    8727     748    5366 
   7936    5275    6514    1725    7941    1373    1832    8803    1785    2946 
   9176    9729    3771    1519    6765    2546    6151    7733    2680    9401 
   7061    5892    1090    8948    1071    3099    5937    2536    2862    5922 
   3794    1125    9153    3438    2921    7799    2615    7951    9995     268 
   4239    3732    9469    8797    7356    9730    3068    7640    7392    4332 
   8526    2241    6282    9008    7363     208    9438    2935    1229    1404 
   6213    2540    5125    1346    1831    8331    3706    2563    9936    6332 
   3761     565     108    2980    1972    4622    3946     449    2092    8705 
   6674    3999    9806    4611    8595    4198    6699    7545    2187    4624 
   6995    4265    6153      13    2034    5261    7299     722    7822    5360 
   4793    6856     387    1699    9009    9416    2190    4018    8999    6461 
    375    9888    8382    9397    4248    6671    9417    8241    5066    2747 
   8904    5005    5927    2877    7645    1167    3384    6434    7215    8620 
   5240    2682    3980    3456     912    4277     489    8469    1752    8735 
   8620    3378    8742    7736    7219    1391    4097    5829    9339    7001 
   1500    3337     654    2642    6907    3094    1135    1205    8167    7027 
   6658    7319    7071    6501    5860    2769    1852    9898     246     450 
   1668    1911    2349    6868    7120    1717    7544    5343    2489    1327 
     33     791    6043    1213    2449    2256    4507    7577    1577    1198 
   6572    4566    9733    1951    8198    5098    2520    5746    9387    6045 
   8853    1216    8074    7030    8442    2398    1849    7234    5226    9915 
   2333    1317    2663    2229     185    3793    8226    1639     993     997 
   9975    4066    3545    1212    7658    2532    2400    6391    4427    1767 
   6052    3482    2975    5354     489    9376    1657    7466    5500    1145 
   1984    8367    7685    2443    8791    6605    9803    7657    8309    1088 
    825    7739    7410    3069    4857    5525    9363    1513    9979    3770 
   7589    5246    9924    6142    9090    1849    2566    9985    3531    6339 
